10001011000 01010 000000 00101 00000
2      1001000100 000001011001 00110 00011
3      1011000100 111111111111 11101 00001
4      10101011000 10010 000000 00010 01000
5      10001010000 11110 000000 00100 01110
6      1001001000 000010000000 10011 11011
7      1111001000 000001111000 01100 00101
8      11101010000 11010 000000 10110 01111
9      000101 00000000000000000000010100
10      01010100 1111111111111110110 0 0000
11      01010100 0000000000000011100 0 0001
12      01010100 1111111111111111000 0 0010
13      01010100 1111111111111111001 0 0011
14      01010100 1111111111111110010 0 0100
15      01010100 0000000000000000010 0 0101
16      01010100 0000000000000001101 0 0110
17      01010100 0000000000000010110 0 0111
18      01010100 1111111111111110010 0 1000
19      01010100 1111111111111110001 0 1001
20      01010100 0000000000000011110 0 1010
21      01010100 1111111111111110001 0 1011
22      01010100 1111111111111111011 0 1100
23      01010100 0000000000000010000 0 1101
24      01010100 0000000000000000101 0 1110
25      01010100 1111111111111100111 0 1111
26      100101 11111111111111111111101010
27      11010110000 00000 000000 01000 00000
28      10110101 0000000000000010011 01010
29      10110100 1111111111111101001 11100
30      11001010000 01011 000000 00111 01001
31      1101001000 000000000000 01101 11110
32      11111000010 110110000 00 11100 10000
33      11010011011 00000 010101 10100 10001
34      11010011010 00000 000011 11001 11100
35      10010011010 00000 111111 00110 10101
36      10101010000 10001 000000 10110 00011
37      1011001000 000000101101 11000 10000
38      11111000000 000001101 00 00000 10111
39      11001011000 10001 000000 11111 10011
40      1101000100 010011010010 01001 11010
41      1111000100 000000000011 01100 11101
42      11101011000 10010 000000 01000 00100
43      11101011000 01101 000000 11100 11111
44      1111000100 000000001010 00001 11111
45      10001011000 11111 000000 11001 00101
46      000101 00000000000000000000000000
47      11001011000 01010 000000 11111 10111
48      11010110000 00000 000000 11110 00000
49      